636
16
337
340
342
478
502
507
532
535
580
608
609
625
630
634
635
638
643
644
645
647
651
659
663
664
665
666
668
669
671
737
1054
1200
1212
1218
1230
1354
1386
1474
1555
1587
1688
3797
3953
3959
3998
4345
4389
5586
8
49
193
302
346
421
490
492
534
1382
1423
1678
3448
3494
3577
3714
3751
4167
293
491
508
523
548
599
603
657
1051
1055
1056
1064
1075
1128
1194
1197
1226
1229
1335
1452
1458
1460
1472
1486
1489
1519
1520
1524
1525
1551
1561
1562
1590
1612
1638
1665
1715
1737
2177
2948
2954
2985
3941
4317
7447
73
100
146
156
178
210
248
260
273
287
338
341
345
347
348
350
351
352
353
382
410
415
469
498
499
503
629
674
675
679
680
687
813
893
951
994
1053
1074
1102
1103
1107
1130
1145
1186
1190
1203
1206
1208
1209
1216
1225
1231
1246
1273
1321
1353
1359
1473
1509
1512
1526
1529
1538
1550
1563
1569
1606
1609
1610
1611
1613
1626
1633
1636
1657
1682
1701
1706
1735
1739
1741
1742
1760
1761
1762
1780
1824
1852
1909
1910
1923
2057
2064
2072
2082
2170
2176
2179
2188
2194
2276
2279
2359
2560
2564
2610
2621
2709
2851
2874
2875
2890
2901
2908
2910
2922
2939
2976
2979
2983
2988
2993
2997
3017
3024
3077
3093
3131
3144
3156
3199
3205
3304
3316
3364
3388
3395
3406
3469
3484
3550
3576
3645
3670
3682
3752
3830
3876
3877
3878
3885
3930
3942
3988
3989
3992
4029
4059
4078
4091
4105
4144
4274
4330
5557
5673
11051
344
349
1205
1676
3986
4166
4322
304
465
467
481
495
520
533
547
552
596
600
605
1157
1198
1213
1222
1227
1236
1360
1367
1418
1468
1470
1479
1488
1515
1553
1738
1901
2207
2223
2894
4057
4315
8414
238
339
521
628
1059
1080
1243
1253
1264
1324
1435
1455
1456
1501
1528
1743
1779
2902
3646
3956
4069
189
517
591
797
1132
1187
1220
1953
2206
2397
3074
3076
3370
3462
3626
3673
3731
3849
3858
8076
515
522
529
530
531
541
610
355
488
691
1251
1745
4198
711
742
907
1005
1106
1165
1177
1180
1330
1448
1450
1454
1469
1476
1508
1691
1696
1871
2305
2673
2688
2773
2789
2895
2896
2897
2899
3383
3386
3720
3973
4357
1352
1517
1539
9
460
585
607
612
618
619
1191
1280
1646
3533
3958
8266
662
5582
631
641
652
4252
4349
5580
5584
5587
632
640
642
649
655
656
658
660
676
5585
646
653
2949
4325
4328
5588
8832
5581
5583
364
373
699
708
5562
2944
3972
442
446
448
458
462
685
688
698
703
707
709
714
715
718
719
721
722
724
726
728
729
734
746
3453
4130
5593
5594
5595
5597
5952
371
393
494
537
586
1050
1052
1057
1084
1094
1097
5670
5672
5674
9823
1202
1399
231
514
582
601
733
1066
1214
1219
1223
1238
1242
1247
1250
1403
1415
1652
1663
6756
6757
1058
1278
221
286
1270
1320
1322
1323
1412
4264
209
220
230
235
253
296
915
916
918
1044
1070
1072
1077
1262
1274
1276
1279
1285
1289
1313
1344
1356
1409
1416
1417
1438
1897
1905
2774
2878
2881
5552
5671
6492
6493
1506
1514
1536
1545
1655
1759
2945
2975
3964
4309
1582
1746
2960
2964
2968
2973
2992
4363
400
772
1685
1726
2990
5780
1754
1764
1767
1772
1881
1885
1892
1926
2650
2714
2745
2882
2883
2885
2889
3486
3488
3520
3536
3566
3570
3582
3585
3608
3611
3613
3621
3622
3644
3678
3690
3711
3712
3722
3728
3745
3748
3759
3793
3806
3817
3820
3861
3862
4014
4019
4067
4304
5810
2952
309
310
1252
7459
7
18
3995
4248
5440
5443
5447
70
72
87
90
99
119
120
122
136
160
166
168
175
176
184
196
1836
3839
7266
21
45
56
61
111
113
117
121
126
133
135
143
174
177
182
199
1904
1918
1941
3458
3515
3542
3697
3717
3825
245
246
298
738
897
1020
1063
1120
1196
4161
6780
1459
1462
1558
1658
2940
2947
2987
416
428
429
430
432
433
435
437
438
439
453
455
743
3379
3393
6111
519
1265
1439
1490
1654
1662
536
538
542
5563
5575
5577
280
295
883
886
888
970
999
1602
2531
3376
4119
4162
6152
1675
4197
5794
144
3517
3524
3528
3701
3747
3771
3857
3864
4025
4026
4112
4265
4278
5749
5767
5770
6456
1840
1948
1957
3454
3459
3473
3627
3641
3676
3685
3729
3855
3863
3867
3947
4008
4011
4034
4356
3456
3467
3492
3495
3502
3504
3514
3602
3636
3687
3734
3774
3777
3807
3808
3819
3832
3880
3944
3945
3949
4020
4021
4099
4101
4103
4127
4216
5719
5779
6133
6457
6916
6992
3561
3694
4015
4016
4113
4129
4169
4284
4285
4318
5724
5730
5738
5751
6739
6958
7062
1800
3457
3498
3527
3543
3558
3559
3609
3633
3652
3659
3660
3713
3743
3784
3804
3811
3829
3840
3859
3872
3948
4009
4027
4037
4043
4046
4063
4064
4072
4083
4087
4100
4124
4250
4292
4296
4338
4339
4341
4344
4348
5723
5733
5746
5748
5761
5766
5769
6129
6880
6881
6962
7001
7051
7064
7066
7067
7068
7073
3442
3463
3544
3578
3630
3674
3790
3881
3946
4007
4017
4028
4040
4041
4047
4116
4286
4336
4355
4359
5742
5758
5763
468
1405
540
1193
1268
1376
1505
1531
1567
1588
5591
9327
1309
1374
270
1136
1154
1173
1175
2059
2067
2074
2089
2090
2096
2191
3275
3410
3967
3974
3975
3976
3977
3980
5691
5702
5804
8235
6105
891
1234
2715
2771
2816
5781
1371
4191
4192
4196
1465
1482
1534
1903
2559
441
1645
1647
1510
1511
1594
2941
2962
8209
973
979
1617
1628
1629
1634
1637
2537
2578
2597
2599
2234
4331
7490
1579
1584
2912
2913
2914
2923
2942
2958
2961
2965
2966
2967
2980
2981
2989
2991
3179
4111
4352
4353
4362
4368
4374
4375
6089
6141
6142
6147
6148
6149
6150
6153
6156
6160
6162
6166
6485
6940
6969
7563
8774
3971
2927
2932
2933
2934
2935
2937
2938
2955
2956
2957
2963
2969
2972
2974
3380
3399
4297
4364
6119
6933
1446
1451
1453
1463
1464
1475
1480
4190
4193
4194
4195
5787
1350
1689
1692
1693
1694
1699
1721
1722
1723
1724
1728
1729
3987
5796
5798
5802
6753
6782
7453
9044
36
125
188
1441
55
27
28
62
149
153
154
161
192
202
1956
5496
5514
5538
30
33
34
48
78
108
127
162
164
172
173
179
181
198
200
2006
3361
5457
5523
5545
6738
8223
31
79
85
112
116
167
211
216
222
224
225
233
234
237
239
240
243
5555
249
251
252
1062
5556
262
263
264
266
267
275
276
277
6730
6972
268
269
9826
290
291
5696
5697
5699
7821
356
413
5596
6737
497
299
1408
739
794
799
800
804
811
815
827
838
840
843
845
849
865
866
877
879
880
881
887
906
910
974
976
984
985
988
990
1001
1004
1013
1016
1018
1038
3351
5604
6778
8492
894
917
944
946
948
949
952
953
957
958
959
960
5630
5632
5633
995
1065
1078
1079
5665
9824
1105
1109
1110
1111
1112
1113
1114
1116
1117
1118
1119
1121
7417
9827
912
1176
4160
362
1425
374
1679
1625
1639
1649
1656
1659
2050
5799
5800
6781
6784
9043
9272
1651
2053
2114
2121
2157
2162
2172
3125
4367
5801
6090
9045
9273
1783
1785
1786
1789
1792
1793
1794
1795
1796
1797
1798
1801
1802
1804
1807
1808
1810
1813
1814
1815
1816
1818
1819
1820
1821
1822
1825
1826
1828
1829
1830
1834
1837
1839
1842
1845
1846
1847
1848
1851
1853
1854
1855
1856
1858
3826
5837
1831
1838
1850
1908
2850
2219
3136
3137
3143
3153
6776
2061
2062
2066
2069
2075
2060
2068
2076
2084
2086
2095
2104
2123
2131
2164
2195
2214
3069
3105
3272
3928
5924
5925
5936
5954
6747
8949
2081
2093
8381
2994
3007
5934
2109
2222
3098
3339
1122
2051
2106
2110
2134
2166
2167
2180
3043
3320
3341
3382
5712
8961
2192
2203
5951
2246
2256
2287
2288
2299
2307
2308
2322
2324
2326
2327
2337
2347
2370
2372
2384
2387
2430
3034
3035
3121
3239
3269
3308
3368
3369
3371
3372
3373
3374
3375
3378
3384
3385
3387
3389
3390
3392
3394
3400
3404
3931
3940
4030
4033
4085
4108
4120
4149
4380
5994
6345
6347
6353
6386
6387
6390
6392
6393
6476
5
2005
2244
2264
2310
2330
2333
2334
3321
3322
4075
4206
4381
2275
2284
2286
2290
2291
2294
2296
2298
2311
2312
2313
2316
2328
2332
2335
2336
2340
2341
2345
2346
2352
2356
2378
2390
3391
3409
3943
5996
5998
6000
6001
11922
2442
2522
2526
2538
2545
2548
2551
2554
2555
2562
2575
2590
2595
2613
2616
2618
2638
2440
2443
2525
2528
2535
2569
2570
2576
2581
2586
2602
2612
2619
2623
2633
2635
2699
2759
4209
4305
6034
6039
7380
2556
2604
2577
2582
2631
6036
7373
7407
2705
2706
2708
2710
2712
2713
2717
2718
2719
2724
2725
2726
2728
2729
2731
2732
2733
2734
2738
2739
2741
2742
2746
2747
2748
2749
2750
2751
2752
2753
2755
2756
2762
6054
6055
7355
7359
2821
2822
2824
2833
2835
2844
2846
2848
2849
2852
2853
2856
2858
2861
2864
2870
6072
2877
2891
2893
2900
6079
6460
2907
4306
2884
2888
2903
6080
6788
6814
2911
2917
2918
2920
4358
6083
6084
6085
6086
6088
2916
6106
7863
3081
6151
6154
2931
2936
6103
6140
6143
6157
6466
8428
2996
2999
3001
3002
3003
3008
3009
3010
3015
3018
3019
3020
3022
3023
3042
3061
3063
3066
3079
3080
3084
3089
3094
3097
3100
3112
3135
5711
6168
6173
3142
3152
6169
6183
9229
1960
2268
2270
2429
3157
3177
3196
4140
4302
6354
6357
6361
6383
6391
7898
2048
3040
3057
3085
3092
3101
3103
3104
3146
6741
6760
3000
3134
7774
9842
4235
6185
8892
10119
11257
3115
3120
3201
3204
4153
4154
4157
4158
6187
6189
6191
6192
6193
6194
6195
3116
4155
4156
6188
6190
9135
3174
3181
3240
3262
3263
3266
3267
3270
3271
3273
3289
3294
3296
3298
3299
3303
3305
3307
3377
3896
3898
3901
3919
3929
3999
4000
4141
8401
8807
2009
3250
3302
3310
3408
4013
4090
2381
3366
3402
4097
4109
4110
4145
4148
4189
5475
6008
6342
6343
6344
6346
6348
6349
6350
6351
6352
6355
6356
6360
6366
6367
6368
6376
6379
6380
6381
6384
6385
6388
6394
6395
6397
6398
6399
6400
6401
6403
6411
6413
6414
6427
6428
6430
6433
6434
6743
6772
6944
6954
6955
6963
7503
8043
8417
8630
8781
8826
8876
9107
9844
9845
9846
10160
3381
3396
3397
4054
4301
6341
6359
6375
6396
6402
6404
6407
6409
6435
7862
8407
8921
9310
9843
2281
6006
6412
6429
7506
8858
3710
3816
4098
4384
5727
5750
5757
5768
1817
1835
1959
3415
3446
3596
4088
5772
6132
7081
7121
7122
7579
1774
1776
1863
3493
3513
3560
3564
3580
3691
3715
3732
3738
3744
3749
3775
3782
3846
3848
3852
3873
4038
5775
1925
1930
1943
3472
3698
3875
4012
3447
3589
3653
3661
3675
4018
4023
4039
4045
4128
4276
5720
5729
5762
6800
3437
3465
3497
3612
3680
3700
3708
3718
3719
3736
3770
4049
4050
4115
4256
4354
5740
3658
3671
3730
3739
3754
3845
3950
4089
4255
4273
4335
4386
5715
5725
5756
5759
5773
5776
7669
3584
3642
3838
4006
3598
3753
3843
4042
4044
4048
4117
4271
4388
5718
5726
5732
5735
5754
3681
3879
5753
6959
8314
3805
6505
5747
6426
3118
3163
3183
3222
3932
3937
3938
3939
4135
6949
2452
2471
2490
2497
2513
4061
1546
2925
2926
2930
3965
4365
6092
6098
6114
6122
6124
6125
6137
6138
6146
6159
6164
6165
6734
7003
8740
8775
1138
1140
1143
1149
1183
5687
5688
5694
5641
5643
4347
472
1152
1153
1162
5805
2221
2227
5939
5942
2204
5940
5949
244
1361
24
77
820
5709
7450
1932
1944
1946
1949
1950
1951
1952
5857
5859
2202
2212
2217
5941
2399
2400
2401
2402
2404
2409
2422
2423
2425
2426
2433
3994
4199
4200
4201
4202
4203
4204
6016
6018
6019
6021
6022
6023
6024
6025
6026
6733
3068
3071
3072
3073
3155
6176
7508
7519
8082
9025
9849
4261
6135
7078
3689
3535
3650
4287
5714
5721
5765
6837
6957
5564
5566
5567
5568
5569
5571
5574
908
5612
5613
9828
1166
1182
9829
1147
2801
2868
2280
2297
2304
2344
2671
2672
2678
6045
6046
6047
2670
2680
2683
2690
2697
6750
10792
2651
2781
2785
2786
2787
2788
2792
2796
2802
2804
2806
2807
2808
2809
2812
6066
6067
9768
5811
2898
4249
6382
4308
6883
3997
1934
1937
4327
5589
637
4326
4350
731
6109
730
5599
5659
1081
1082
1104
5675
5553
1277
247
923
929
930
920
921
922
927
932
933
937
943
1895
2879
4373
4377
6139
1755
5807
4024
1771
5844
5848
1865
1867
1879
1884
1887
1889
5842
5847
6731
6732
6945
4314
2641
2642
2645
2647
2649
2656
2657
2658
2662
2664
2665
2667
4312
4058
4114
5722
5734
7059
7056
7657
3824
4022
4263
5736
5760
7074
7076
3591
3665
5728
5744
5774
6825
3704
5716
1969
1970
2249
2252
3705
3796
3851
3617
3597
7584
5442
5445
11
12
15
5448
5449
109
58
115
132
141
187
5497
5524
5527
5529
180
32
37
60
69
155
183
4237
5463
5511
5526
7277
63
65
71
80
6775
67
105
169
190
5479
5491
5533
91
3461
5771
890
693
898
901
1026
1031
1037
1042
1043
5652
5653
11230
900
1461
6363
6365
6432
7987
9311
11473
6378
8924
967
2572
2584
2607
2609
4214
7367
7375
7376
6358
3624
5737
7054
3546
3724
4279
5454
6463
7287
7288
8227
3696
5741
3445
3545
3856
4147
5960
5961
5963
6803
7135
7136
7137
7138
7141
7142
7243
3426
3428
3460
3531
3571
3599
3610
3615
3620
3628
3664
3693
3794
3854
3865
5959
5965
5967
6718
6742
7088
5969
7144
7145
7146
7147
7148
7150
7151
7205
7237
3417
3420
3764
6712
6722
6839
7105
7107
7110
7112
7113
7115
7116
7118
7208
7236
7242
7246
9741
3604
5739
7065
7070
7071
5777
4219
3491
1127
1169
5701
6768
3244
3249
3253
3256
3284
3287
3288
3890
3894
3903
3904
3905
3906
3908
3910
3911
3920
6223
3968
3984
3978
3979
2716
2722
2767
2768
1596
1605
986
5637
5793
1627
2587
7532
8180
2521
2539
2541
2547
2550
4215
6037
6038
7364
7394
8238
8242
2596
2603
2611
6040
6069
6477
2097
2142
2151
2165
5932
5933
5935
6790
6093
6094
6095
9026
4371
3161
4369
6110
6121
7479
7478
8782
6118
6924
8944
6371
6372
6373
6374
6795
7470
7558
3398
6406
6408
6752
6946
9386
11498
5461
5485
5488
5550
7252
40
140
148
170
5495
5509
8225
6727
5472
5507
5481
5508
5512
5520
6728
94
106
7255
5515
5501
7275
1961
1963
1997
2007
2011
2012
2015
2017
2018
2023
2024
2028
2029
2030
2031
2034
2037
2041
2042
2045
2047
3359
4095
5884
3319
3325
3326
3328
3330
3332
3333
3336
3337
3345
3355
3356
3358
3362
3363
4010
4052
4062
4291
4319
4320
6241
6242
6249
6269
6271
6285
6287
6294
6298
6300
6302
6307
6317
6320
6793
6794
7128
236
5554
977
3346
3347
3348
3349
3353
6235
6266
6268
6310
6314
7577
9090
9905
5601
5680
2103
2136
7546
3122
3127
3129
4183
4188
6179
6180
6182
2854
5937
5943
3130
6184
2117
5927
5928
5930
5931
6748
6749
7547
4056
3916
6264
6278
6303
6338
5686
2189
8962
3038
3039
3050
3055
6172
6174
3323
3324
3329
3990
4074
4076
4217
4218
5908
6238
6255
6289
6301
6324
4051
6253
6256
6311
6312
6318
6334
6377
7505
7527
7528
8845
2243
2254
2258
5999
2361
2365
2374
2380
6003
6005
6007
2388
4093
3209
3213
3215
3217
3224
3235
3236
3237
6197
3268
6219
6222
6744
6410
6943
8979
9848
3170
4086
4131
4159
3243
3913
3917
3924
3927
6204
2278
10941
10940
1
2
3
4
6
5419
5420
5421
5422
5423
5424
5425
5428
5429
5430
5431
5433
5434
5435
5436
5437
5979
5984
1968
2259
2272
3318
3331
6237
6260
6270
6272
6281
6286
6309
6316
6319
1971
1972
1975
1977
1978
1979
1980
1981
1984
1985
1986
1987
1989
1990
1991
1992
1993
1994
1995
5889
5890
6926
7456
6012
6974
5997
2262
2295
7504
2439
2441
2454
2455
2456
2458
2460
2461
2467
2469
2470
2474
2476
2477
2487
2488
2491
2492
2495
2496
2501
2508
2509
2512
2517
6777
8914
2566
2591
2629
4092
7370
2544
7383
8244
2524
2637
6073
7382
9771
2533
2624
2628
7372
7398
7399
7384
2543
2615
6735
7395
8237
2761
2769
6051
5477
6052
7356
2711
6053
2743
6740
7358
2764
4247
7313
7317
2830
2860
9841
3012
7562
3030
1965
5869
5874
5875
5877
5878
3164
3173
3180
3182
3184
3186
3933
3936
4132
4133
4300
6186
4081
4142
4143
3241
3247
3251
3254
3260
3261
6231
8735
9181
9887
6217
6770
3264
3265
6215
6216
6220
6769
6209
6296
6297
2014
2025
3886
9888
9889
3300
7932
7894
7457
1958
5861
5862
5864
5865
5832
6989
6130
9543
11436
5703
1144
5572
2233
6013
1141
5692
5693
5695
6773
7424
7976
924
5809
1773
4125
1866
1869
579
9774
2251
5438
5444
5446
8628
29
41
50
147
5487
5534
5467
5471
5521
5532
5548
8355
68
54
4238
4239
5464
5465
5466
5468
5469
5478
5480
5489
5531
5544
5546
5547
5470
5510
5490
1028
1032
1036
1035
8239
8240
2549
7368
7029
7160
7162
7163
7164
7165
7167
7168
3414
6714
7092
7220
3430
4385
5964
5968
6716
6720
6960
7087
7093
7094
7095
7096
7097
7098
7099
7201
7206
7209
7212
7213
7216
7218
8199
8200
8202
8203
9739
9744
6715
6723
6724
7183
7184
7185
7186
7187
7188
7190
7192
7193
7194
3411
3413
6719
6721
6725
6755
7117
7177
7178
7179
7180
7181
7182
6763
6766
7102
7154
7157
7158
7159
9745
6765
7202
7203
3423
7214
7215
5962
7090
7091
7240
7241
5966
7200
7207
7191
7119
7114
6717
7108
7111
3242
3245
3246
9898
3257
3258
6212
11258
3282
6225
2772
2632
6370
5492
6789
5502
75
152
128
5506
5516
5539
5499
5503
8217
9747
4077
5867
5873
5883
4242
5896
5897
5900
5901
5902
5904
5905
5909
5910
5911
5912
5916
5918
2035
2046
6337
6267
6792
6325
6315
3914
6322
6248
6262
6276
5404
5407
5409
5410
5411
5412
5414
5415
5416
5417
5418
6758
6919
7616
7617
7618
5894
5898
5899
5903
5906
6771
2255
3232
3223
6218
5432
5980
5885
6304
1983
5891
5892
8259
2568
2622
2630
8247
8256
8258
6056
6058
3259
5855
6265
6295
5840
5955
5957
5958
6783
7895
7901
7962
8204
8206
8207
2257
10
139
145
206
4244
5543
1033
11229
11290
8241
2518
8243
7161
7199
9742
6767
8201
7153
6713
7219
7238
7239
6729
5474
5498
5504
7253
5473
5914
5915
5917
3334
6258
6333
6243
6245
9904
5893
5895
6198
5482
1040
7369
7374
5535
6321
6329
6240
5522
